Rifle 0.0 284.883411 53.600256 352.103559
Rifle 0.0 355.30425899999994 119.199744 408.92006999999995
Rifle 0.0 369.708771 224.799744 492.14439899999996
Rifle 167.199744 389.714508 409.6 661.794438
Rifle 371.2 212.062038 421.600256 248.07263700000001
Rifle 492.8 216.063594 531.2 232.06845600000003
Rifle 513.599488 219.26429399999998 547.2 246.472287
Rifle 531.2 224.066025 585.6 256.875243
Rifle 577.599488 230.467425 638.400512 264.077499
Rifle 640.799744 225.666375 700.000256 272.88010499999996
Rifle 689.599488 226.46655 759.199744 264.077499
Rifle 746.399744 237.669681 807.199744 276.881661
Rifle 813.599744 252.074193 904.800256 284.883411
Rifle 890.399744 252.074193 969.6 300.88827299999997
Rifle 973.599744 288.884967 1023.200256 325.695741
