Rifle 604.8 616.890123 931.84 788.568408
Rifle 25.6 16.655607 456.96 99.291888
Rifle 33.28 75.58971299999999 330.88 171.03834899999998
Rifle 35.2 549.6277590000001 385.28 609.843555
Rifle 36.48 367.05874500000004 391.04 432.39948300000003
Rifle 36.48 719.3844180000001 425.6 823.801248
Rifle 37.76 684.792423 397.44 742.4457480000001
Rifle 71.04 406.13574600000004 450.56 452.898342
Rifle 213.76 236.378178 602.88 294.031503
Rifle 270.08 468.27316800000006 643.2 530.41059
Rifle 335.36 287.62577999999996 700.8 345.279105
Rifle 613.76 63.418203 981.12 124.274844
Rifle 621.44 144.132858 968.96 267.767766
Rifle 641.92 522.7231770000001 960.64 596.391264
Rifle 643.2 381.151881 1002.88 445.211838
