Rifle 0.0 381.44 92.16 455.68
Rifle 0.0 273.92 96.0 336.64
Rifle 0.0 330.24 112.640256 398.08
Rifle 0.0 453.12 112.640256 527.36
Rifle 0.0 689.92 128.000256 727.04
Rifle 0.0 628.48 135.68025599999999 702.72
Rifle 0.0 572.16 139.520256 643.84
Rifle 0.0 515.84 140.799744 590.08
Rifle 92.16 622.08 276.48 707.84
Rifle 113.919744 446.72 285.44025600000003 547.84
Rifle 121.599744 478.72 159.999744 496.64
Rifle 122.88 419.84 157.44 431.36
Rifle 124.160256 509.44 270.080256 578.56
Rifle 126.72 565.76 282.879744 650.24
Rifle 128.000256 353.28 153.60000000000002 366.08
Rifle 128.000256 399.36 275.199744 485.12
Rifle 149.76 554.24 189.440256 564.48
Rifle 149.76 340.48 318.71999999999997 437.76
Rifle 153.60000000000002 604.16 186.879744 619.52
Rifle 171.519744 258.56 207.36 270.08
Rifle 300.800256 528.64 615.680256 677.12
Rifle 309.759744 263.68 337.92 277.76
Rifle 357.12 337.92 624.639744 454.4
Rifle 364.79999999999995 270.08 611.840256 352.0
Rifle 368.64 432.64 610.5600000000001 542.72
Rifle 382.719744 359.68 418.56000000000006 376.32
Rifle 386.559744 288.0 422.40000000000003 300.8
Rifle 390.39974400000006 410.88 431.36025600000005 424.96
Rifle 400.640256 623.36 597.7597440000001 725.76
Rifle 410.88 529.92 605.439744 602.88
Rifle 414.72 721.92 597.7597440000001 774.4
Rifle 561.920256 529.92 766.719744 645.12
Rifle 583.6800000000001 381.44 766.719744 482.56
Rifle 587.52 254.72 766.719744 312.32
Rifle 596.480256 321.28 766.719744 376.32
Rifle 608.000256 464.64 766.719744 555.52
Rifle 614.4000000000001 633.6 766.719744 743.68
Rifle 615.680256 657.92 652.8 672.0
Rifle 616.959744 590.08 661.760256 608.0
Rifle 620.7997439999999 496.64 665.600256 510.72
Rifle 625.92 431.36 665.600256 446.72
Rifle 629.76 295.68 674.559744 309.76
Rifle 632.319744 357.12 669.440256 368.64
