Knife 0.0 334.06884 108.19584 743.4478799999999
Knife 65.690624 336.0 135.2448 704.8272000000001
Knife 135.2448 276.13824 226.05312 749.24136
Knife 249.237504 388.13796 285.94688 731.86176
Knife 312.99584 351.44844 370.958336 739.5864
Knife 374.822912 303.1728 438.581248 783.99972
Knife 459.834368 318.62039999999996 533.25312 762.75864
Knife 606.671872 318.62039999999996 654.973952 766.62096
Knife 656.905216 314.75892 711.00416 780.13824
Knife 730.324992 320.55156 792.15104 760.8274799999999
Knife 790.218752 210.483 838.520832 783.99972
Knife 857.841664 388.13796 917.735424 764.6898
Knife 931.260416 370.75836000000004 995.018752 780.13824
