Knife 2.56 101.07248 288.64 196.38739999999999
Knife 0.0 31.34528 272.64 108.74900000000001
Knife 0.0 305.13640000000004 309.12 386.37804
Knife 0.0 406.20887999999997 314.88 479.774
Knife 0.0 504.72252 316.16 585.96416
Knife 1.28 225.17383999999998 271.36 285.94544
Knife 363.52 543.74432 697.6 628.18468
Knife 408.96 0.0 766.08 30.065520000000003
Knife 411.52 318.5698 750.08 404.92912
Knife 417.28 204.7038 746.24 289.78335999999996
Knife 423.68 82.5214 758.4 156.08652
Knife 762.24 71.64616 1023.36 165.04212
Knife 793.6 182.31412 1023.36 239.887
Knife 794.88 266.1146 1023.36 331.36400000000003
Knife 843.52 360.15044 1023.36 407.48796
Knife 844.8 440.75288 1023.36 517.51672
