2 0.009471368476972265 0.46967095234403844 0.01894273695394453 0.10184190468807693
2 0.036576131353849864 0.5638610433370249 0.07315226270769973 0.08709708667404978
2 0.08724581105040811 0.6390403184754525 0.17449162210081623 0.19370563695090492
2 0.21824239572853954 0.7898983189368778 0.27015171395444104 0.41521969154669697
2 0.3599501163509403 0.36233212831303163 0.05433655575957417 0.05632914558877822
2 0.4731516180179304 0.3609477058877828 0.03941318636451818 0.025840609191583753
2 0.4900362290780368 0.37538044570874995 0.0360011439408634 0.041165220542635786
2 0.5164871587745951 0.38807021282761306 0.05707891848667064 0.05184190468807692
2 0.5640956113499704 0.4013304788667421 0.06345646424430526 0.053804922886674336
2 0.6247780198347014 0.4083605313030656 0.06355205909355419 0.07401729333702498
2 0.6776319528652396 0.40546487121631786 0.07321410151720861 0.059093200184570094
2 0.7277276766524425 0.4267378963547454 0.06409419303247788 0.061617422886674156
2 0.8068571961972799 0.4483008181616855 0.09301641848667046 0.05414488433001132
2 0.8746506030150207 0.4644252683462556 0.08399210485118865 0.07688147748246603
2 0.9381392760436192 0.5140433389811763 0.052901601517208977 0.05779151603912887