2 0.042904328848091325 0.4664216605515786 0.056562513246843915 0.10153167889684286
2 0.0773735872856118 0.5567890553181416 0.11840774881887364 0.08642188936371689
2 0.1314460175928312 0.6256608816829706 0.22502482576804841 0.19242823663405878
2 0.30820446895144277 0.7554940528990672 0.2514683077966991 0.4138327997741211
2 0.3992857597034648 0.31493069510538146 0.05185516587924912 0.056037168373499216
2 0.511485659340645 0.2997845662650083 0.038318455534962936 0.02562162628012441
2 0.5299182008104575 0.31201925575578204 0.034176592558271324 0.040973610495108836
2 0.5576438967267734 0.32136416367652465 0.05481647477225664 0.05153167889684287
2 0.606436060791924 0.3286992505646974 0.06112103847458741 0.05345819994353018
2 0.6674826881965856 0.32827504535949525 0.060267866604888455 0.07367969468185845
2 0.7196081833872622 0.31897636909348825 0.07065972958158007 0.05869173151356133
2 0.7717981659640671 0.3339419454583173 0.0613938569862416 0.06127069994353027
2 0.8528398348385412 0.34566142448221704 0.09075397477225663 0.05362479991529536
2 0.9219990626060225 0.3533759429686557 0.08063493030721922 0.07642526308359247
2 0.9827976475914137 0.3947752167167662 0.034404704817172414 0.05750866311182738