1 0.9121672680571308 0.947364248240417 0.1756654638857384 0.10527150351916603
1 0.5121890921206159 0.9004860750596627 0.7044262215897856 0.1967382985905303
1 0.9596024655007056 0.8248612603345731 0.08079506899858871 0.08092897642635144
1 0.5410293380634261 0.7191654545053326 0.7928341566549776 0.16338645119556397
1 0.9631922055579546 0.6930483341558906 0.07361558888409085 0.06799232878371626
1 0.527514488632619 0.5709997822555918 0.7886375803560837 0.1912931273742462
1 0.49545814488385476 0.38918470202413336 0.7425341477265238 0.14387016376817643
1 0.4862080555993174 0.21701860359570993 0.7366659772718286 0.165454065339753
1 0.9355750357138148 0.22711296504930276 0.12884992857237024 0.09830056699689198
1 0.9382880683847376 0.07416990156706736 0.12342386323052494 0.06512419396136274
1 0.44813353693163094 0.04819367493582814 0.6806148003243114 0.08478195409104797