1 0.9196515953642372 0.9544491783591742 0.1606968092715256 0.09110164328165168
1 0.5275125188587756 0.9023373064461058 0.7072916887447398 0.19532538710778838
1 0.9660838793035783 0.8415477752860859 0.06783224139284343 0.08257027297895939
1 0.5531598156860655 0.7284251025562952 0.7950446598887992 0.17722805212255643
1 0.9685751902847614 0.7098169139350338 0.06284961943047733 0.06946949568106327
1 0.5370660458157995 0.5800679457087499 0.7913393065307547 0.20505266347360837
1 0.5018576881965857 0.3977467990402375 0.7444444591631599 0.15683640653377823
1 0.4896056809401916 0.22547128084164023 0.738958350995792 0.17831088833518088
1 0.9367758029025577 0.24347122069029403 0.12644839419488463 0.10059838217054295
1 0.9382948909255827 0.09059654456441732 0.12341021814883461 0.06728523442229636
1 0.44861111479078997 0.05603086597453051 0.6815426658792492 0.09668135409745471