1 0.09511476684261003 0.0861408858421822 0.19022953368522005 0.1269692716843644
1 0.5009840271923983 0.14022576215053556 0.7044262215897857 0.1885616023465543
1 0.04529313474088028 0.2211681610699257 0.09058626948176056 0.0798363221398514
1 0.46576177313520856 0.321919706252753 0.7928068831160273 0.15260923337941304
1 0.039398780642327734 0.35303571996293315 0.07879756128465547 0.06700893992586625
1 0.47412192370440137 0.469957902169069 0.7886103068171334 0.18057054227242056
1 0.49987807995563716 0.6514360806621898 0.7425341477265238 0.1352381949048258
1 0.5031279906710997 0.8235293354715132 0.7366932508107787 0.1584574400955024
1 0.0589020726487412 0.818697925497896 0.1178041452974824 0.09677085099579194
1 0.05351623316068525 0.969921875 0.1070324663213705 0.06015625
1 0.5353659720034134 0.9767572067584982 0.6806148003243117 0.046485586483003515