1 0.09452036033345243 0.0828125 0.18904072066690486 0.1203125
1 0.49454803947255377 0.12265625 0.7130348675844822 0.1640625
1 0.04053788266761937 0.21953125 0.08107576533523873 0.0765625
1 0.4497332941641308 0.30546875 0.7993658514929388 0.125
1 0.031015599185587595 0.3515625 0.06203119837117519 0.0640625
1 0.4503456633380968 0.453125 0.79664504307885 0.153125
1 0.4666323089951664 0.63359375 0.7482732450563215 0.109375
1 0.46086363819237564 0.80546875 0.7436621547112475 0.1328125
1 0.038692251337382313 0.81640625 0.07738450267476463 0.0921875
1 0.028858611418733193 0.96953125 0.057717222837466386 0.059375
1 0.48432899932056994 0.97265625 0.6834023618844991 0.053125