0 0.0475234953081021 0.4917562288245653 0.0950469906162042 0.04912836729005079
0 0.0634838093631112 0.7700084938516799 0.1269676187262224 0.12439198770335977
0 0.12741019052534713 0.657081767855785 0.25482038105069427 0.12666353571156996
0 0.14604342209441015 0.35011415036934235 0.2920868441888203 0.129906710379605
0 0.2078125 0.07308401775758916 0.415625 0.14616803551517832
0 0.2327804432388806 0.2256413911959602 0.41995173111680745 0.14458735479701906
0 0.267635805067698 0.9026129573545429 0.40342597241038014 0.1273089512062228
0 0.2875963387617534 0.43227318627730416 0.33582903663473146 0.11910556576579942
0 0.33113389755903766 0.5856981681269315 0.39585913387576943 0.13195099941082483
0 0.33763844584087244 0.8045527072563472 0.40030097241038015 0.12729077048806375
0 0.4522984893730088 0.7192560775714603 0.393477762324472 0.1163169090517453
0 0.4724859158764033 0.5279089149054776 0.3439690852552504 0.1254010175611974
0 0.5551058225920943 0.21892025516636143 0.3967665366347314 0.11946008976990444
0 0.6642407259168831 0.432901462815492 0.3901756999091429 0.1725305476154267
0 0.696925909656367 0.047817935688128935 0.359273180687266 0.08956351151107322
0 0.7756164806665815 0.7383298270804808 0.2917448439616777 0.14227944535249043
0 0.8168146065132922 0.17589800477357795 0.26592597241038013 0.12650899960721657
0 0.8255766163513731 0.5604411764165509 0.13797803482570928 0.06953177088084708
0 0.9136033180695385 0.34213660401145213 0.13863313206674732 0.08203177088084708
0 0.9515005450024743 0.09618829975672605 0.0874048247398008 0.05830337939029935