0 0.06015625 0.49140625 0.1203125 0.0484375
0 0.08203125 0.76953125 0.1640625 0.1234375
0 0.14296875 0.65625 0.2859375 0.125
0 0.15390625 0.34921875 0.30625 0.128125
0 0.2078125 0.071875 0.415625 0.14375
0 0.24453125 0.22421875 0.4125 0.1421875
0 0.31484375 0.90078125 0.396875 0.1265625
0 0.31015625 0.43046875 0.3296875 0.1171875
0 0.36171875 0.58359375 0.3890625 0.1296875
0 0.3796875 0.80234375 0.3953125 0.125
0 0.48984375 0.71640625 0.3890625 0.1140625
0 0.5 0.525 0.3390625 0.1234375
0 0.56640625 0.215625 0.390625 0.1171875
0 0.68671875 0.42890625 0.38125 0.1703125
0 0.69921875 0.04375 0.3546875 0.0875
0 0.8140625 0.73359375 0.2828125 0.140625
0 0.82578125 0.17109375 0.259375 0.125
0 0.8546875 0.55546875 0.134375 0.0703125
0 0.93125 0.33671875 0.1359375 0.08125
0 0.95625 0.090625 0.084375 0.0578125