0 0.09739278901627105 0.4952612376614988 0.12398287427505372 0.056147475322997666
0 0.14034284130528932 0.7747880513565893 0.17341603444287887 0.13395110271317864
0 0.19269640146847006 0.6654118537929129 0.29540943361304195 0.14332370758582585
0 0.18036846453143585 0.3590815106404581 0.315958731953368 0.1477503917312669
0 0.2132588618274991 0.08519223010335972 0.4265177236549982 0.17038446020671943
0 0.2615215309183939 0.23988902452011876 0.42327432448483515 0.16862170110742083
0 0.3831008715989833 0.9209573542543381 0.40646533278320496 0.15199540561092775
0 0.3427752213799131 0.45034446560539027 0.33856743776222675 0.13831483497600666
0 0.4059408400558895 0.6067737407438178 0.398889631123531 0.15461975786268098
0 0.4404854738787128 0.8266752305647851 0.4047844336130419 0.15033277606127804
0 0.5441297695197465 0.747796863815062 0.39770563942190085 0.13899475786268098
0 0.539782121174776 0.5570414558877828 0.3484160344428789 0.14516561227390276
0 0.5827453354824973 0.2519219617478789 0.39950493776222673 0.14221988741233024
0 0.71921932220975 0.4729131870708766 0.3941555095477696 0.1947441101144344
0 0.7025339267645647 0.08855797346807119 0.3613178535291294 0.11022940777039589
0 0.8614583488671018 0.7857612453672964 0.2770833022657964 0.15874844848652714
0 0.8387459591328511 0.2240122169896662 0.26884693361304207 0.1416215052417873
0 0.896778404992955 0.6102396136581787 0.139702962657336 0.07892364126984167
0 0.9428589463729466 0.3963959615909954 0.11428210725410679 0.08996127081949093
0 0.9593696336107197 0.15190428438538453 0.08126073277856065 0.06321949568106336