0 0.9226834656169458 0.5571265271625336 0.12044147477225664 0.056741308918291725
0 0.8910961266020536 0.8337218781512693 0.16837303248413776 0.13490986758448215
0 0.8341144950210404 0.7161794630484617 0.29030259618646853 0.1449946977900975
0 0.8338987625290537 0.4083833885428295 0.31072422359113006 0.1495400861577
0 0.7896775696927806 0.12727014633649963 0.4206448606144388 0.1728133312140215
0 0.7476388587155222 0.2770462712104489 0.4174652969121079 0.17103230992669802
0 0.6537002756062616 0.9361579702503153 0.4012400961864685 0.12768405949936934
0 0.6748114500078491 0.478707324176656 0.3337797776748143 0.14024149581262613
0 0.6179017071794253 0.6282267229358187 0.393591287293461 0.15689340027177198
0 0.5922940388531055 0.8457202255337087 0.3981150961864685 0.15253368220275726
0 0.4851387924813026 0.7520798501555565 0.39148315027015246 0.14115913962811036
0 0.4816665960168325 0.5599634059717552 0.34181053248413756 0.14703779903093483
0 0.4260639590783419 0.24594482861613148 0.3947172776748141 0.1445026609154337
0 0.2983035137101801 0.45081300905417787 0.38719744355406327 0.19697209705346327
0 0.29925346633473604 0.06478267390488399 0.35774306733052796 0.11230216611121384
0 0.1603198417556632 0.7465957665957464 0.289285733209777 0.1605104371464357
0 0.16824402459477128 0.18327631176828346 0.2637400961864685 0.14313726684784803
0 0.12591510382138077 0.5656299898605412 0.13677580290255764 0.07814641535490914
0 0.06279883920415141 0.34152621832111635 0.12559767840830283 0.09064641535490922
0 0.041891116878965594 0.09368429802252858 0.08378223375793119 0.0637125747577337