2 0.8400180294650541 0.42306730521964153 0.12987034894328672 0.3014908693507266
2 0.25270438182618626 0.4619347366327289 0.0633999455488821 0.15541475334181776
2 0.3627616796380047 0.7122336339513204 0.04104419827935661 0.34107953333863605
2 0.5429612222834617 0.39527175859327607 0.04521354781181834 0.2520715773392725
2 0.5901327007152436 0.7142757499204582 0.03630215612487895 0.3316499893379998
2 0.635403252337691 0.4379490599140949 0.10187261397040111 0.3230386053469084
2 0.7299663185944697 0.4423178392345955 0.10034647540671973 0.3292704240133631
2 0.7194429508134395 0.6479229492361863 0.02843511397040128 0.32218408267027243
2 0.8399236224564124 0.6754292365531871 0.06929646330647117 0.363281797342454
2 0.946058951206223 0.3858934745385514 0.08419423458010193 0.23846361067790856
2 0.9699696707592101 0.6012548452021423 0.0200226502711466 0.21896817600254542