2 0.8349819705349459 0.4376849324666751 0.12987034894328672 0.30074540944452866
2 0.24729561817381374 0.4662982074527388 0.0633999455488821 0.1550511143631848
2 0.3544258203619953 0.7184924874087721 0.04104419827935661 0.34085225897699056
2 0.5382887777165383 0.4047077642415477 0.04521354781181834 0.2518170300542293
2 0.5817422992847564 0.7245026346548566 0.03630215612487895 0.3314499878997516
2 0.630221747662309 0.4489940954272452 0.10187261397040111 0.3224567829810955
2 0.7247211814055303 0.4550128121515621 0.10034647540671973 0.3286976926220159
2 0.7118070491865606 0.660413384458465 0.02843511397040128 0.3220295361043535
2 0.8319513775435876 0.6900195921075956 0.06929646330647117 0.36289088544042336
2 0.941441048793777 0.40236557688408914 0.08419423458010193 0.23798178903121964
2 0.9628428292407898 0.6181223870907436 0.0200226502711466 0.21885908430895534