1 0.39165935361249865 0.9512261695034911 0.49121033175849815 0.09754766099301762
1 0.41195200624490375 0.9303926979346964 0.4414633029025577 0.10202016681580979
1 0.418598821128361 0.8529780929556745 0.5656101310328587 0.1316862012586885
1 0.3594023812024948 0.7643407228298056 0.4106299651536097 0.06695808258271221
1 0.37405266904411 0.6929868637015989 0.4644642932839108 0.09129615436825525
1 0.37418658909971036 0.6298832124568434 0.5740575480932343 0.10583409627966667
1 0.374228739918017 0.5418387607971695 0.5306349303072194 0.11189391951510216
1 0.3673016389222251 0.41041116204192496 0.5360119110699257 0.0873675161957543
1 0.36003228674530685 0.3584342649463544 0.5549801658792491 0.09503830623771048
1 0.36519844718226036 0.28324501079716946 0.5270734206885725 0.09915712117477611
1 0.4149603450053421 0.23558968341254927 0.6844494110699257 0.09861543736124148
1 0.3187004146981227 0.15661073320276783 0.45051092068857257 0.09335556183678788
1 0.31691717068857256 0.08323243278784934 0.48968254809323425 0.09944054109086346