1 0.2979152429125114 0.9518987631009026 0.49430880937615385 0.09620247379819488
1 0.3226939998523417 0.934849202450879 0.44346820018457017 0.10716299132935134
1 0.3370754773348078 0.8575444086714346 0.5682073843300113 0.13827487323333224
1 0.2862324730158711 0.7682481713481012 0.4116779796419344 0.07175317163092529
1 0.30807599707456457 0.697095632752453 0.46610466378737553 0.09671350688073979
1 0.31447499383536204 0.6340194343075919 0.5758801819859729 0.11253257945388775
1 0.3232573133905487 0.5460115863811105 0.5327309592838688 0.1180799504246286
1 0.32932444556109164 0.41455653482597155 0.5373788864894797 0.09362675457166567
1 0.32715997069951924 0.36251558119731414 0.5565294046880769 0.10151716701277672
1 0.3398287538575113 0.28741783638111046 0.5288049228866741 0.10530654835111015
1 0.39469552899593896 0.24036647059416588 0.6858163864894796 0.10661335306379502
1 0.3055514882798077 0.1602894083886105 0.45224242288667416 0.09860819754990655
1 0.31103882711332576 0.08692025890699015 0.49150518198597287 0.10515072346888796