1 0.2813010208734716 0.919702390447586 0.49617311151914834 0.14319054109086338
1 0.30687484784487307 0.8727323020653037 0.44467451333591956 0.10202016681580979
1 0.32262713572659985 0.7938969070443256 0.5697701081851685 0.13168620125868866
1 0.27326460663886476 0.7137842771701944 0.4123085524255942 0.06695808258271221
1 0.29638298436887067 0.6398256362984011 0.46709164727484326 0.09129615436825525
1 0.3038923375530693 0.5763667875431565 0.5769768303053814 0.10583409627966667
1 0.3142236728594206 0.48784873920283045 0.5339921048511886 0.11189391951510216
1 0.3225937665007216 0.35677633795807506 0.538201372729036 0.0873675161957542
1 0.32133402650266124 0.30562823505364567 0.5574615557595742 0.09503830623771048
1 0.3353324957479362 0.22925498920283055 0.5298467387901123 0.09915712117477611
1 0.3911040057498759 0.17378531658745072 0.6866388727290361 0.09861543736124148
1 0.3032211106010645 0.10901426679723218 0.4532842387901123 0.09335556183678788
1 0.30999701120988765 0.042618918878791205 0.4926018303053814 0.08523783775758241