1 0.4192722570874886 0.9482115089758855 0.49430880937615385 0.10357698204822903
1 0.43824350014765834 0.9104180084524657 0.4434682001845701 0.07896929312173669
1 0.44261202266519223 0.832511213999549 0.5682073843300113 0.1021548328250006
1 0.38095502698412886 0.7468269807170489 0.4116779796419344 0.04546580888930585
1 0.3934865029254354 0.6745707742200351 0.46610466378737553 0.06701480698944487
1 0.39177500616463795 0.6113440756068058 0.5758801819859729 0.07581053837208387
1 0.38924268660945127 0.523135560789167 0.5327309592838688 0.08416724581902812
1 0.3784880544389083 0.3918310094023961 0.5373788864894797 0.059312716183750426
1 0.3697150293004808 0.3401412228332642 0.5565294046880769 0.06599912727791715
1 0.3726712461424887 0.26454181078916694 0.5288049228866741 0.07159451063666707
1 0.42092947100406103 0.21417944129812533 0.6858163864894797 0.06276763734590336
1 0.32257351172019233 0.14012238582729192 0.45224242288667416 0.06981249866881982
1 0.3186486728866742 0.06670306962288221 0.49150518198597276 0.07384668844833372