1 0.042704859509739075 0.6451211118844989 0.08540971901947815 0.4949297237689979
1 0.06596924299105339 0.6264146705506893 0.09176029059146026 0.44386996832111636
1 0.1445855659218319 0.6225027027337761 0.11862376300184038 0.5702903566887189
1 0.22601262833716085 0.6846527774915098 0.05739193464399497 0.4118879948042199
1 0.2995696370435881 0.6725458974217805 0.0804885979184066 0.4664333831718224
1 0.36297371777628273 0.6746272034900807 0.09255258593261892 0.5778079257464693
1 0.4514187420865422 0.6776754298569687 0.09963474558898593 0.5347134896084398
1 0.5825459113538476 0.6891970739245544 0.0748804070543752 0.5376528193098521
1 0.6338218063108935 0.6982714251653916 0.08219494007106184 0.5584023618844991
1 0.7100124920865423 0.6957580663829859 0.08680719696846691 0.527589404459146
1 0.764277268205824 0.6478011676238231 0.0826596867917015 0.6860903193098521
1 0.831239038898039 0.7465771572322629 0.08287661352223878 0.45258940445914586
1 0.9047174824756038 0.7509311574843645 0.08804879240048251 0.49187042574646933