1 0.1574839901126429 0.21626810795551904 0.2895209579295562 0.14550696347211084
1 0.13996907215984364 0.1000254991892211 0.2736010269873067 0.1186990016215578
1 0.18634558951189475 0.5059618534912922 0.3099755695619536 0.1255762930174157
1 0.1994679384069435 0.6488760564133915 0.31535148441265975 0.11318538717321687
1 0.21079284052030092 0.7996436696439163 0.31778806956195355 0.12571266071216733
1 0.15908968480064728 0.3734629991892211 0.2702903566887189 0.09367172808260751
1 0.5782259949794468 0.8526775718379623 0.3353033514929388 0.13070016964062106
1 0.5741858990112643 0.01839762378383165 0.35149679802252864 0.0367952475676633
1 0.6043907491668208 0.5221309553610266 0.34020937278026225 0.1339069902574721
1 0.5933718496513534 0.35336731859155146 0.3306158514929388 0.13061834902377
1 0.5896355724119452 0.16570367735784938 0.33410148441265974 0.11351266964062105
1 0.8759531717235836 0.15900011526571028 0.2480936565528328 0.1419455868489054
1 0.8968691001939938 0.2946648798762069 0.20626179961201246 0.08830238960884902
1 0.9015755206186323 0.42357112987620693 0.19684895876273528 0.09921261606989873
1 0.9302111139397485 0.5481483900224766 0.13957777212050287 0.07339440990138826
1 0.93517158355981 0.6887597532530014 0.12965683288038007 0.11555463636243815