1 0.1379914426807664 0.21875 0.2759828853615328 0.140625
1 0.13188932855518132 0.10234375 0.26377865711036264 0.1140625
1 0.14164503604610482 0.50859375 0.28329007209220963 0.1203125
1 0.14172993697782263 0.6515625 0.28345987395564526 0.1078125
1 0.13956658840383201 0.80234375 0.27913317680766403 0.1203125
1 0.1256731734033945 0.37578125 0.251346346806789 0.0890625
1 0.4828564015987931 0.86171875 0.33165585969555134 0.125
1 0.5717649120532785 0.021875 0.35022017589344295 0.04375
1 0.5455088877958097 0.53203125 0.3364706936879401 0.128125
1 0.553166173384804 0.36328125 0.3269683596955513 0.125
1 0.570181212928131 0.17578125 0.33095552273741297 0.1078125
1 0.8647761299243253 0.17421875 0.26029019566510636 0.1375
1 0.8748621012554134 0.31015625 0.22843801779449713 0.084375
1 0.869609574069376 0.4390625 0.22732118676785795 0.0953125
1 0.8887349643738247 0.5640625 0.17942751482874755 0.0703125
1 0.8837861847163294 0.7046875 0.1795840237259963 0.1125