1 0.7737982688831926 0.14673267953980887 0.15528280076822565 0.28050563231716563
1 0.8906958418139711 0.1380349112912404 0.12798331637205784 0.2662885962128121
1 0.48350413952997895 0.15364016793053978 0.13455422094004205 0.302253367290051
1 0.3403716152197195 0.15593340007475476 0.12394426956056108 0.3084397347764936
1 0.18954942164215458 0.15583743042357162 0.13496365671569083 0.310065867290051
1 0.6172583418139711 0.13644409845230726 0.10290142921692809 0.2645806504675382
1 0.11113565807448725 0.5187732467785462 0.14211441542211817 0.3272897287263694
1 0.9481133576449459 0.5783468147838408 0.06201083559393439 0.34869203005422944
1 0.4382437126879001 0.5699100625443455 0.14548507688750742 0.33199540944452866
1 0.6069527691103352 0.5716730713249442 0.14186875395672888 0.32260222872636957
1 0.7939614461795566 0.5821389144144984 0.12492691542211816 0.32718973477649377
1 0.7800882174375985 0.8744677644870373 0.15084760628614954 0.25106447102592533
1 0.643331845886301 0.8893839769192506 0.09616675033868419 0.22123204616149864
1 0.514425595886301 0.8893814438890573 0.1085848631835546 0.22123711222188547
1 0.3881563449817898 0.9132774861417309 0.07792136137453225 0.1734450277165383
1 0.2474904014042249 0.9131954124695907 0.12167136137453216 0.17360917506081855