0 0.56015625 0.13671875 0.10625 0.2171875
0 0.74140625 0.1296875 0.10625 0.1828125
0 0.9 0.1796875 0.09375 0.153125
0 0.38203125 0.1921875 0.084375 0.1703125
0 0.73046875 0.325 0.096875 0.184375
0 0.55390625 0.3109375 0.0921875 0.146875
0 0.39296875 0.4046875 0.1125 0.196875
0 0.90234375 0.39453125 0.103125 0.1734375
0 0.5609375 0.50390625 0.096875 0.178125
0 0.72578125 0.50625 0.090625 0.15
0 0.3875 0.61171875 0.109375 0.1734375
0 0.89765625 0.6078125 0.0890625 0.14375
0 0.734375 0.69921875 0.1015625 0.215625
0 0.55078125 0.69375 0.0890625 0.1375
0 0.9 0.80234375 0.0984375 0.1984375
0 0.38671875 0.81171875 0.103125 0.1625
0 0.56171875 0.89296875 0.109375 0.184375
0 0.73046875 0.9015625 0.09375 0.16875