2 0.7004358729235861 0.7996280771188108 0.33242817550756776 0.2002480589778255
2 0.23183218846437784 0.07230161905195923 0.4276825138796606 0.10535719962933107
2 0.16941372918050907 0.14215776206571756 0.29733367982650455 0.11483634863353917
2 0.1689312145302687 0.6446751268565075 0.3378624290605374 0.07913695081045731
2 0.1804072817737161 0.4471280042611692 0.3499184592838688 0.0839335782151192
2 0.18242965916389708 0.8571032049868087 0.36485931832779417 0.12732147966639787
2 0.1700094035345136 0.7925769135169963 0.3400188070690272 0.07633933302444262
2 0.22439831123108034 0.48155013347992953 0.37361677513842756 0.0644940974524129
2 0.3797633389904016 0.3053199940943682 0.38369268198597284 0.07575897966639795
2 0.4108982132982636 0.5647966870154594 0.3683680706349207 0.07990084264308947
2 0.4839211104282014 0.3661161395551973 0.36181768198597286 0.07499508783376596
2 0.7722976997231449 0.13032500561193164 0.36368057063492076 0.07973715153609687
2 0.7620437153008485 0.2536806600584353 0.34777377081949085 0.14777782340579576
2 0.7433614574381675 0.6429614148677587 0.31614423658176455 0.09210817676384035
2 0.7747685510520477 0.48276052484922527 0.3560683297342194 0.08258933302444263