0 0.1618622609582548 0.25294209197963735 0.21686647642635143 0.09622266136218052
0 0.17736325227180239 0.5857545919796373 0.21752144789030417 0.11028516136218051
0 0.170175682793711 0.4146517513128646 0.22013702564056317 0.09938402402927142
0 0.20229274751429144 0.9028239133115917 0.20785534946188075 0.10392607336090762
0 0.16586690260503384 0.08718073197804646 0.1997517510334573 0.0975851666931806
0 0.19650501219659983 0.7449932319780463 0.1949187018192456 0.09440562269254435
0 0.794392162944116 0.08846558589277767 0.2927397717116218 0.11584536537236186
0 0.8112737177398991 0.4173536545592322 0.28990587014004526 0.122059002705271
0 0.8049765601724665 0.24858547322568678 0.2928125463187275 0.11740786537236181
0 0.8206594880037787 0.5853042232256869 0.293176419354257 0.1252203653723619
0 0.8442811943711384 0.9078604758911869 0.3102183701400449 0.1222953600413618
0 0.8430717971427878 0.7476315005570051 0.3133433701400449 0.12233172270845252