0 0.1692990647365729 0.24507506323366518 0.21960395020978146 0.10736761875230769
0 0.19451808798129702 0.5778875632336652 0.22066954274124867 0.12143011875230769
0 0.1823346288484459 0.4067437484588405 0.22296574855010745 0.11069287785160639
0 0.22870936952439086 0.8944242211609446 0.21082094606059654 0.11457934145441158
0 0.16846750269929237 0.07869909161129526 0.20253484937994445 0.10782869370616514
0 0.21831355333792546 0.7365115916112952 0.19761055103961844 0.10440330505721711
0 0.7972436981351889 0.05625134061000285 0.29602474025173764 0.1125026812200057
0 0.8237292234545055 0.3758468831026188 0.29337333693239 0.1369735780361764
0 0.8125046130768989 0.20699675355296954 0.29614313942190085 0.1324863371354751
0 0.8380196342470306 0.5437155035529695 0.296735135272716 0.1402988371354752
0 0.8571099472097501 0.8658210410298983 0.2857801055804998 0.13827526218161773
0 0.8533857397388951 0.705264272831301 0.2932285205222097 0.13847552128091625