2 0.025390625 0.46678914977973573 0.052344 0.09870799999999999
2 0.0576171875 0.5599181483113068 0.116406 0.07873100000000001
2 0.109375 0.6324651556534509 0.219531 0.17978799999999992
2 0.2814450625 0.7719743142437592 0.236719 0.39953
2 0.3869140625 0.337829718061674 0.04921900000000001 0.052879000000000016
2 0.4998046875 0.3290214302496329 0.03750000000000003 0.023502000000000047
2 0.517187 0.3410635741556534 0.03281300000000009 0.03995300000000002
2 0.5451171875 0.35251986049926576 0.05312499999999998 0.04817800000000002
2 0.593358875 0.3619198604992658 0.059376000000000095 0.049353999999999995
2 0.6541013125 0.3651488619676945 0.057813 0.06932999999999996
2 0.706640125 0.358981718061674 0.06796900000000006 0.055228999999999966
2 0.758202875 0.37690114684287807 0.059374999999999956 0.05758000000000001
2 0.8384763125 0.39364786049926587 0.089063 0.04817800000000002
2 0.9076169375 0.40539529074889874 0.07734399999999997 0.07167999999999994
2 0.9742185 0.45063871806167405 0.04843799999999998 0.05405399999999997
