1 0.052734375 0.6405581428571429 0.10566 0.4873559999999999
1 0.097354125 0.6190476190476191 0.067924 0.4390800000000001
1 0.1760203125 0.609688380952381 0.08868000000000001 0.563218
1 0.260974125 0.6656404285714286 0.03584900000000002 0.409195
1 0.33300375 0.649343380952381 0.05660399999999999 0.462069
1 0.3963114375 0.6466342857142858 0.06226400000000004 0.5724130000000001
1 0.48421325 0.6435957142857143 0.07169799999999998 0.5287360000000001
1 0.6158905 0.6459766666666666 0.047170000000000045 0.533334
1 0.6678761875 0.6509034761904762 0.05283099999999996 0.554023
1 0.742504875 0.643513761904762 0.060377000000000014 0.5241379999999999
1 0.7951355 0.5910511904761905 0.047170000000000045 0.6827580000000001
1 0.8660563125 0.6858785238095239 0.05848999999999993 0.44827599999999995
1 0.9397074375 0.6842361428571428 0.062263999999999986 0.48735699999999993
