1 0.1421484375 0.2177536470588235 0.279375 0.140169
1 0.1328125 0.10197835294117648 0.26625 0.11382900000000001
1 0.150390625 0.5075535294117648 0.301875 0.11947299999999994
1 0.1533203125 0.6503071764705882 0.3075 0.10818400000000006
1 0.154296875 0.8010625294117647 0.30875 0.11947300000000002
1 0.1330859375 0.3752556470588235 0.26375000000000004 0.08937000000000005
1 0.5180859375 0.861388705882353 0.32625000000000004 0.12417699999999991
1 0.573203125 0.022058823529411766 0.34875000000000006 0.044214
1 0.5669140625 0.531720294117647 0.33062500000000006 0.12699900000000003
1 0.56765625 0.36279970588235294 0.32125000000000004 0.12511699999999995
1 0.5768359375000001 0.17429617647058823 0.32687499999999997 0.10818400000000002
1 0.871328125 0.1730090588235294 0.255 0.13734700000000002
1 0.886328125 0.3092854705882353 0.224375 0.08466599999999999
1 0.887578125 0.43840382352941176 0.22312500000000002 0.09595500000000005
1 0.9106640625 0.5634565294117647 0.17562500000000003 0.06961399999999998
1 0.9119140625 0.7040483529411765 0.17437500000000006 0.11288799999999995
