2 0.7498046875 0.7721563509350935 0.3193750000000001 0.18886499999999995
2 0.2349609375 0.06342751045104511 0.42124999999999996 0.09090899999999999
2 0.17703125 0.13486217051705168 0.290625 0.10500399999999999
2 0.2052734375 0.6376543003300331 0.341875 0.06624399999999996
2 0.2084765625 0.43900852035203525 0.34625 0.07188199999999999
2 0.225078125 0.8486077205720574 0.38 0.11486999999999987
2 0.2116796875 0.7841500803080308 0.35125 0.06342500000000012
2 0.2539453125 0.47209653025302534 0.370625 0.05144399999999997
2 0.398203125 0.2908450803080308 0.38 0.063425
2 0.445390625 0.5492554103410342 0.36437500000000006 0.06835799999999989
2 0.505234375 0.3472230803080308 0.35687499999999994 0.06342500000000005
2 0.7780859375 0.10277030033003301 0.35875 0.06694900000000001
2 0.7758203125 0.2256687106710671 0.339375 0.136012
2 0.7821484375 0.6146569603960397 0.31125 0.08104299999999989
2 0.8029296875 0.4545125203520352 0.35124999999999995 0.070473
