1 0.053125 0.64140625 0.10625 0.4875
1 0.0984375 0.61953125 0.06875 0.4390625
1 0.1765625 0.61015625 0.0890625 0.5640625
1 0.2609375 0.66640625 0.0359375 0.409375
1 0.33359375 0.64921875 0.05625 0.4625
1 0.396875 0.646875 0.0625 0.5734375
1 0.48515625 0.64375 0.071875 0.5296875
1 0.61640625 0.64609375 0.046875 0.534375
1 0.66796875 0.6515625 0.053125 0.5546875
1 0.74375 0.64375 0.059375 0.5234375
1 0.7953125 0.5921875 0.046875 0.6828125
1 0.8671875 0.6859375 0.059375 0.4484375
1 0.940625 0.68515625 0.0625 0.4875