1 0.35859375 0.946875 0.4875 0.10625
1 0.38046875 0.9015625 0.4390625 0.06875
1 0.38984375 0.8234375 0.5625 0.0890625
1 0.33359375 0.7390625 0.409375 0.0359375
1 0.35078125 0.66640625 0.4625 0.05625
1 0.353125 0.603125 0.571875 0.0625
1 0.35625 0.51484375 0.528125 0.071875
1 0.35390625 0.38359375 0.534375 0.046875
1 0.3484375 0.33203125 0.553125 0.053125
1 0.35625 0.25625 0.525 0.059375
1 0.4078125 0.2046875 0.6828125 0.046875
1 0.3140625 0.1328125 0.4484375 0.059375
1 0.31484375 0.059375 0.4875 0.0625