1 0.78125 0.1421875 0.140625 0.2796875
1 0.89765625 0.1328125 0.1140625 0.265625
1 0.49140625 0.15078125 0.11875 0.3015625
1 0.3484375 0.15390625 0.1078125 0.3078125
1 0.19765625 0.1546875 0.11875 0.309375
1 0.62421875 0.1328125 0.0890625 0.2640625
1 0.13828125 0.51796875 0.125 0.3265625
1 0.978125 0.57265625 0.04375 0.3484375
1 0.46796875 0.5671875 0.128125 0.33125
1 0.63671875 0.56796875 0.125 0.321875
1 0.82421875 0.57734375 0.1078125 0.3265625
1 0.82578125 0.871875 0.1375 0.2546875
1 0.68984375 0.8875 0.084375 0.225
1 0.5609375 0.8875 0.096875 0.2234375
1 0.4359375 0.91171875 0.06875 0.175
1 0.2953125 0.9125 0.1125 0.175