0 0.13671875 0.43984375 0.2171875 0.10625
0 0.1296875 0.25859375 0.1828125 0.10625
0 0.1796875 0.1 0.153125 0.09375
0 0.1921875 0.61796875 0.1703125 0.084375
0 0.325 0.26953125 0.184375 0.096875
0 0.3109375 0.44609375 0.146875 0.0921875
0 0.4046875 0.60703125 0.196875 0.1140625
0 0.39453125 0.09765625 0.1734375 0.103125
0 0.50390625 0.4390625 0.1796875 0.0953125
0 0.50625 0.27421875 0.1515625 0.0921875
0 0.61171875 0.6125 0.1734375 0.109375
0 0.6078125 0.10234375 0.14375 0.0890625
0 0.69921875 0.265625 0.215625 0.1015625
0 0.69375 0.44921875 0.1375 0.0890625
0 0.80234375 0.1 0.1984375 0.0984375
0 0.81171875 0.61328125 0.1609375 0.103125
0 0.89296875 0.43828125 0.184375 0.109375
0 0.9015625 0.26953125 0.16875 0.0953125