2 0.75 0.7734375 0.31953125 0.1890625
2 0.2359375 0.0640625 0.42109375 0.090625
2 0.178125 0.1359375 0.290625 0.1046875
2 0.20546875 0.6375 0.3421875 0.06640625
2 0.20859375 0.43984375 0.34609375 0.071875
2 0.22578125 0.84921875 0.3796875 0.11484375
2 0.2125 0.78515625 0.3515625 0.06328125
2 0.2546875 0.47265625 0.3703125 0.0515625
2 0.3984375 0.29140625 0.3796875 0.06328125
2 0.44609375 0.54921875 0.3640625 0.06796875
2 0.50625 0.3484375 0.35703125 0.06328125
2 0.77890625 0.103125 0.35859375 0.0671875
2 0.7765625 0.2265625 0.3390625 0.1359375
2 0.7828125 0.615625 0.3109375 0.08125
2 0.80390625 0.4546875 0.3515625 0.0703125