2 0.06015625 0.40859375 0.1203125 0.07265625
2 0.0625 0.2984375 0.125 0.0609375
2 0.0734375 0.35546875 0.146875 0.06640625
2 0.0734375 0.47890625 0.146875 0.07265625
2 0.08359375 0.6921875 0.16640625 0.0359375
2 0.08828125 0.65 0.1765625 0.07265625
2 0.090625 0.59296875 0.18125 0.0703125
2 0.09140625 0.5390625 0.1828125 0.071875
2 0.23984375 0.64921875 0.23984375 0.08359375
2 0.26015625 0.4859375 0.2234375 0.0984375
2 0.18359375 0.4765625 0.05 0.0171875
2 0.1828125 0.415625 0.0453125 0.0109375
2 0.25703125 0.53125 0.18984375 0.0671875
2 0.26640625 0.59375 0.203125 0.0828125
2 0.18359375 0.3515625 0.03359375 0.0125
2 0.2625 0.43203125 0.19140625 0.08359375
2 0.22109375 0.54609375 0.0515625 0.01015625
2 0.3046875 0.3796875 0.2203125 0.0953125
2 0.221875 0.59765625 0.04296875 0.01484375
2 0.246875 0.2578125 0.046875 0.0109375
2 0.596875 0.5890625 0.41015625 0.1453125
2 0.421875 0.2640625 0.03671875 0.0140625
2 0.6390625 0.38671875 0.3484375 0.1140625
2 0.6359375 0.30390625 0.321875 0.0796875
2 0.6375 0.4765625 0.31484375 0.1078125
2 0.521875 0.359375 0.046875 0.01640625
2 0.5265625 0.2875 0.046875 0.0125
2 0.53515625 0.4078125 0.053125 0.0140625
2 0.65 0.65859375 0.25703125 0.1
2 0.66171875 0.553125 0.253125 0.07109375
2 0.659375 0.73046875 0.23828125 0.0515625
2 0.86484375 0.5734375 0.26640625 0.1125
2 0.87890625 0.421875 0.23828125 0.0984375
2 0.88203125 0.2765625 0.23359375 0.05625
2 0.8875 0.340625 0.221875 0.05390625
2 0.8953125 0.4984375 0.20703125 0.0890625
2 0.89921875 0.67265625 0.1984375 0.1078125
2 0.82578125 0.64921875 0.0484375 0.0140625
2 0.8328125 0.58515625 0.05859375 0.0171875
2 0.8375 0.4921875 0.05859375 0.0140625
2 0.840625 0.42890625 0.0515625 0.01484375
2 0.84921875 0.2953125 0.05859375 0.0140625
2 0.84765625 0.3546875 0.0484375 0.0109375