Handgun 0.0 478.000128 92.000256 528.0
Handgun 0.0 725.000192 125.999616 851.00032
Handgun 0.0 608.0 219.999744 737.000448
Handgun 0.0 291.999744 236.000256 423.000064
Handgun 0.0 0.0 319.00032 147.999744
Handgun 29.999616 156.99968 346.000128 302.999552
Handgun 90.000384 858.000384 394.00012799999996 986.999808
Handgun 111.99974399999999 380.99968 364.99968 501.000192
Handgun 128.000256 531.00032 427.00032 664.000512
Handgun 140.000256 757.999616 443.00006399999995 885.999616
Handgun 227.00006399999998 675.00032 525.000192 792.000512
Handgun 253.99987199999998 474.999808 514.0001279999999 600.999936
Handgun 285.00019199999997 161.000448 585.000192 280.999936
Handgun 381.00019199999997 352.0 673.9998720000001 526.000128
Handgun 400.99968 0.0 673.9998720000001 90.000384
Handgun 516.0 679.000064 733.9998720000001 824.000512
Handgun 533.9996160000001 110.999552 733.9998720000001 238.999552
Handgun 604.99968 533.000192 708.0 604.000256
Handgun 662.999808 302.999552 767.000064 385.999872
Handgun 701.9996160000001 62.999552 767.000064 122.000384
