Handgun 24.864 396.577792 217.855704 504.305664
Handgun 34.336296 210.71872 196.543704 318.446592
Handgun 91.168296 54.455296 227.328 150.344704
Handgun 94.720296 589.540352 246.271704 675.958784
Handgun 207.199704 226.108416 370.591704 325.549056
Handgun 210.751704 409.6 340.992 504.305664
Handgun 272.32029600000004 563.495936 446.368296 679.510016
Handgun 273.504 47.352832 427.423704 152.712192
Handgun 368.224296 400.129024 526.879704 498.38592
Handgun 382.432296 234.395648 516.223704 327.916544
Handgun 466.49570400000005 570.5984 620.416296 683.061248
Handgun 475.968 59.190272 603.84 150.344704
Handgun 525.696 220.189696 716.320296 324.365312
Handgun 555.295704 414.334976 677.248296 505.489408
Handgun 625.1519999999999 52.087808 800.3837040000001 152.712192
Handgun 648.8322959999999 575.3344 792.096 680.69376
Handgun 711.583704 393.02656 874.9757040000001 504.305664
Handgun 725.791704 227.29216 874.9757040000001 324.365312
