Handgun 29.472816 212.48 174.914934 308.48
Handgun 29.472816 546.56 174.914934 656.64
Handgun 29.472816 376.32 176.836896 476.16
Handgun 40.364617 874.88 178.758858 978.56
Handgun 43.56857 42.24 176.836896 140.16
Handgun 45.490531999999995 717.44 174.914934 812.16
Handgun 441.45090300000004 42.24 637.509468 158.08
Handgun 443.37354799999997 376.32 637.509468 497.28
Handgun 443.37354799999997 205.44 639.43143 322.56
Handgun 443.37354799999997 546.56 639.43143 670.72
Handgun 443.37354799999997 878.72 651.605222 999.68
Handgun 446.576818 714.24 656.730454 836.48
